Rotation matrix
[0.902701, 0.05153, 0.427171;
 0.182987, 0.852568, -0.489535;
 -0.389418, 0.52007, 0.760184]

Translation vector
[12;
 16;
 21]

Camera Calibration
[-1100, 0, 0;
 0, -2200, 0;
 0, 0, 1]

Intrinsic
[-1100, 0, 0;
 0, -2200, 0;
 0, 0, 1]

Projection
[0.902701, 0.05153, 0.427171, 12;
 0.182987, 0.852568, -0.489535, 16;
 -0.389418, 0.52007, 0.760184, 21]

Object Points
[0.1251, 56.3585, 19.3304, 1;
 80.8741, 58.5009, 47.9873, 1;
 35.0291, 89.5962, 82.28400000000001, 1;
 74.6605, 17.4108, 85.8943, 1;
 71.0501, 51.3535, 30.3995, 1;
 1.4985, 9.1403, 36.4452, 1;
 14.7313, 16.5899, 98.85250000000001, 1;
 44.5692, 11.9083, 0.4669, 1;
 0.8911, 37.788, 53.1663, 1;
 57.1184, 60.1764, 60.7166, 1]

Projection
[-992.9711, -56.683, -469.8881, -13200;
 -402.5714, -1875.6496, 1076.977, -35200;
 -0.389418, 0.52007, 0.760184, 21]

Transposed image points
[-25601.91446835, -119370.31177434, -91725.73778401001, -128683.32461578, -100945.92968856, -32331.23260037, -75217.73387238001, -58350.31647291, -41208.98544223999, -101857.9071719;
 -120140.76346294, -125803.57095328, -128734.81505126, -5406.556534279982, -127384.34764924, -13696.61112137999, 34214.62952864001, -74975.24281126, -49176.89618423999, -105673.693125;
 64.95630969680001, 56.40991045240001, 116.5063139262, 66.27616471819999, 43.1484404112, 52.8751108648, 99.0373647696, 10.192030765, 80.7215653794, 76.2087951112]

Image points:
Image point 0 : (-394.141,-1849.56)
Image point 1 : (-2116.12,-2230.17)
Image point 2 : (-787.303,-1104.96)
Image point 3 : (-1941.62,-81.5762)
Image point 4 : (-2339.5,-2952.24)
Image point 5 : (-611.464,-259.037)
Image point 6 : (-759.488,345.472)
Image point 7 : (-5725.09,-7356.26)
Image point 8 : (-510.508,-609.216)
Image point 9 : (-1336.56,-1386.63)


 ================== ComputeProjectionMatrix Function ========= 

A Matrix:
[0.1251, 56.3585, 19.3304, 1, 0, 0, 0, 0, 49.30698056802273, 22213.16917939976, 7618.894142063204, 394.1405321184871;
 0, 0, 0, 0, 0.1251, 56.3585, 19.3304, 1, 231.3802859086099, 104238.5758863341, 35752.78560134127, 1849.562637159152;
 80.8741, 58.5009, 47.9873, 1, 0, 0, 0, 0, 171139.5471832098, 123795.1029539771, 101547.0316522205, 2116.123050311655;
 0, 0, 0, 0, 80.8741, 58.5009, 47.9873, 1, 180362.8209305159, 130466.8287000909, 107019.7355746642, 2230.167889726327;
 35.0291, 89.5962, 82.28400000000001, 1, 0, 0, 0, 0, 27578.50568892909, 70539.33190993854, 64782.41696497601, 787.3027194226825;
 0, 0, 0, 0, 35.0291, 89.5962, 82.28400000000001, 1, 38705.75385955971, 99000.21593337777, 90920.527520833, 1104.959986398729;
 74.6605, 17.4108, 85.8943, 1, 0, 0, 0, 0, 144962.5426927899, 33805.2094255413, 166774.3469547794, 1941.622982605125;
 0, 0, 0, 0, 74.6605, 17.4108, 85.8943, 1, 6090.518602636691, 1420.306605056046, 7006.92912598304, 81.57618288970328;
 71.0501, 51.3535, 30.3995, 1, 0, 0, 0, 0, 166221.9614571161, 120141.695756769, 71119.73828770967, 2339.503553930481;
 0, 0, 0, 0, 71.0501, 51.3535, 30.3995, 1, 209756.6111929272, 151607.6139638929, 89746.47610572526, 2952.23527050528;
 1.4985, 9.1403, 36.4452, 1, 0, 0, 0, 0, 916.2789686727157, 5588.965403643125, 22284.93177782506, 611.4641098917022;
 0, 0, 0, 0, 1.4985, 9.1403, 36.4452, 1, 388.1669736422509, 2367.676068857034, 9440.655981172215, 259.0370194476149;
 14.7313, 16.5899, 98.85250000000001, 1, 0, 0, 0, 0, 11188.25208618954, 12599.83730456076, 75077.33121652885, 759.4884420376708;
 0, 0, 0, 0, 14.7313, 16.5899, 98.85250000000001, 1, -5089.250639370483, -5731.344768085124, -34150.76393993543, -345.4719297937374;
 44.5692, 11.9083, 0.4669, 1, 0, 0, 0, 0, 255162.7820703915, 68176.11619075155, 2673.045577409193, 5725.092262602684;
 0, 0, 0, 0, 44.5692, 11.9083, 0.4669, 1, 327862.6869317157, 87600.56798840791, 3434.638461727337, 7356.261430129231;
 0.8911, 37.788, 53.1663, 1, 0, 0, 0, 0, 454.9134640165349, 19291.06719588915, 27141.80866562934, 510.5077589681685;
 0, 0, 0, 0, 0.8911, 37.788, 53.1663, 1, 542.872675768989, 23021.06685215863, 32389.77841065739, 609.2163346077757;
 57.1184, 60.1764, 60.7166, 1, 0, 0, 0, 0, 76342.37854722909, 80429.5902617979, 81151.60195840026, 1336.563673828908;
 0, 0, 0, 0, 57.1184, 60.1764, 60.7166, 1, 79202.30551583585, 83442.63175514623, 84191.69134784586, 1386.633825804572]

Smallest Singular Vector: 
[0.02635693158494136;
 0.001504565392718103;
 0.0124724762928932;
 0.3503742424338691;
 0.01068565525004109;
 0.04978631118722652;
 -0.02858674246164405;
 0.9343313131569855;
 1.033651793485699e-05;
 -1.38044797168623e-05;
 -2.017794644775366e-05;
 -0.000557413567508428]

M Matrix computed from singular vector: 
[0.02635693158494136, 0.001504565392718103, 0.0124724762928932, 0.3503742424338691;
 0.01068565525004109, 0.04978631118722652, -0.02858674246164405, 0.9343313131569855;
 1.033651793485699e-05, -1.38044797168623e-05, -2.017794644775366e-05, -0.000557413567508428]


==== Verify computed projection matrix ==== 

Projection of orignal image points using computed M: 
Image point 0 : (-394.141,-1849.56)
Image point 1 : (-2116.12,-2230.17)
Image point 2 : (-787.303,-1104.96)
Image point 3 : (-1941.62,-81.5762)
Image point 4 : (-2339.5,-2952.24)
Image point 5 : (-611.464,-259.037)
Image point 6 : (-759.488,345.472)
Image point 7 : (-5725.09,-7356.26)
Image point 8 : (-510.508,-609.216)
Image point 9 : (-1336.56,-1386.63)

[Image points from original M] - [Image points from computed M]: 
[5.684341886080801e-14, 1.591615728102624e-12;
 -4.547473508864641e-13, 1.364242052659392e-12;
 1.13686837721616e-13, 9.094947017729282e-13;
 2.273736754432321e-13, 6.252776074688882e-13;
 -9.094947017729282e-13, 9.094947017729282e-13;
 1.13686837721616e-13, 4.547473508864641e-13;
 4.547473508864641e-13, -2.273736754432321e-13;
 -1.091393642127514e-11, -8.185452315956354e-12;
 2.273736754432321e-13, 4.547473508864641e-13;
 2.273736754432321e-13, 1.13686837721616e-12]


 ================== DecomposeProjectionMatrix Function ========= 
Gamma: 2.65435e-05

Normalized Projection Matrix: 
[992.9716473857022, 56.6830312470963, 469.8883590307285, 13200.00727663802;
 402.5716219216943, 1875.650633971455, -1076.977593694833, 35200.0194043681;
 0.3894182146707438, -0.5200702866940256, -0.7601844190593784, -21.00001157646957]

Tz: 21 r31: -0.389418 r32: 0.52007 r33: 0.760184

o_x: 0.0002766 o_y: 0.000145741


----- Final results:
Rotation matrix 
[0.9027011279612358, 0.05153014366816527, 0.4271712980421917;
 0.1829868870077096, 0.8525676281965459, -0.4895347163731539;
 -0.3894182146707438, 0.5200702866940256, 0.7601844190593784]

Translation matrix 
[11.99999772220836, 15.99999098469462, 21.00001157646957]

Camera matrix 
[1100.000331134381, 0, 0.000276599704761793;
 0, 2200.002261093128, 0.000145741360483953;
 0, 0, 1]

